File Details:
File Type	Spectrum
File Version	5
Start Date	2019-10-24
Start Time	11:04:41
Time Zone	UTC
Author	icListen AF #2564
Starting Sample	256768

Device Details:
Device	icListen AF
Model	SA9-ETH
S/N	2564
FW Release	34.1
Firmware	v2.2.06
HW Release	4

Setup:
dB Ref re 1V	-140
dB Ref re 1uPa	19
Sample Rate [S/s]	16000
FFT Size	1024
Bin Width [Hz]	15.625
Window Function	Hann
Overlap [%]	50.000000
Power Calculation	Mean
Accumulations	32

Data:
Time	Comment	Temperature [C]	Humidity [%]	Sequence #	Data Points	0	15.63	31.25	46.88	62.5	78.13	93.75	109.38	125	140.63	156.25	171.88	187.5	203.13	218.75	234.38	250	265.63	281.25	296.88	312.5	328.13	343.75	359.38	375	390.63	406.25	421.88	437.5	453.13	468.75	484.38	500	515.63	531.25	546.88	562.5	578.13	593.75	609.38	625	640.63	656.25	671.88	687.5	703.13	718.75	734.38	750	765.63	781.25	796.88	812.5	828.13	843.75	859.38	875	890.63	906.25	921.88	937.5	953.13	968.75	984.38	1000	1015.63	1031.25	1046.88	1062.5	1078.13	1093.75	1109.38	1125	1140.63	1156.25	1171.88	1187.5	1203.13	1218.75	1234.38	1250	1265.63	1281.25	1296.88	1312.5	1328.13	1343.75	1359.38	1375	1390.63	1406.25	1421.88	1437.5	1453.13	1468.75	1484.38	1500	1515.63	1531.25	1546.88	1562.5	1578.13	1593.75	1609.38	1625	1640.63	1656.25	1671.88	1687.5	1703.13	1718.75	1734.38	1750	1765.63	1781.25	1796.88	1812.5	1828.13	1843.75	1859.38	1875	1890.63	1906.25	1921.88	1937.5	1953.13	1968.75	1984.38	2000	2015.63	2031.25	2046.88	2062.5	2078.13	2093.75	2109.38	2125	2140.63	2156.25	2171.88	2187.5	2203.13	2218.75	2234.38	2250	2265.63	2281.25	2296.88	2312.5	2328.13	2343.75	2359.38	2375	2390.63	2406.25	2421.88	2437.5	2453.13	2468.75	2484.38	2500	2515.63	2531.25	2546.88	2562.5	2578.13	2593.75	2609.38	2625	2640.63	2656.25	2671.88	2687.5	2703.13	2718.75	2734.38	2750	2765.63	2781.25	2796.88	2812.5	2828.13	2843.75	2859.38	2875	2890.63	2906.25	2921.88	2937.5	2953.13	2968.75	2984.38	3000	3015.63	3031.25	3046.88	3062.5	3078.13	3093.75	3109.38	3125	3140.63	3156.25	3171.88	3187.5	3203.13	3218.75	3234.38	3250	3265.63	3281.25	3296.88	3312.5	3328.13	3343.75	3359.38	3375	3390.63	3406.25	3421.88	3437.5	3453.13	3468.75	3484.38	3500	3515.63	3531.25	3546.88	3562.5	3578.13	3593.75	3609.38	3625	3640.63	3656.25	3671.88	3687.5	3703.13	3718.75	3734.38	3750	3765.63	3781.25	3796.88	3812.5	3828.13	3843.75	3859.38	3875	3890.63	3906.25	3921.88	3937.5	3953.13	3968.75	3984.38	4000	4015.63	4031.25	4046.88	4062.5	4078.13	4093.75	4109.38	4125	4140.63	4156.25	4171.88	4187.5	4203.13	4218.75	4234.38	4250	4265.63	4281.25	4296.88	4312.5	4328.13	4343.75	4359.38	4375	4390.63	4406.25	4421.88	4437.5	4453.13	4468.75	4484.38	4500	4515.63	4531.25	4546.88	4562.5	4578.13	4593.75	4609.38	4625	4640.63	4656.25	4671.88	4687.5	4703.13	4718.75	4734.38	4750	4765.63	4781.25	4796.88	4812.5	4828.13	4843.75	4859.38	4875	4890.63	4906.25	4921.88	4937.5	4953.13	4968.75	4984.38	5000	5015.63	5031.25	5046.88	5062.5	5078.13	5093.75	5109.38	5125	5140.63	5156.25	5171.88	5187.5	5203.13	5218.75	5234.38	5250	5265.63	5281.25	5296.88	5312.5	5328.13	5343.75	5359.38	5375	5390.63	5406.25	5421.88	5437.5	5453.13	5468.75	5484.38	5500	5515.63	5531.25	5546.88	5562.5	5578.13	5593.75	5609.38	5625	5640.63	5656.25	5671.88	5687.5	5703.13	5718.75	5734.38	5750	5765.63	5781.25	5796.88	5812.5	5828.13	5843.75	5859.38	5875	5890.63	5906.25	5921.88	5937.5	5953.13	5968.75	5984.38	6000	6015.63	6031.25	6046.88	6062.5	6078.13	6093.75	6109.38	6125	6140.63	6156.25	6171.88	6187.5	6203.13	6218.75	6234.38	6250	6265.63	6281.25	6296.88	6312.5	6328.13	6343.75	6359.38	6375	6390.63
11:04:41	Time Adjusted	-1.9	34.6	16	410	51	52	57	57	55	59	65	63	58	63	70	71	66	66	63	64	61	67	72	73	73	70	63	60	62	56	56	54	58	62	63	60	60	59	58	52	45	43	45	47	46	43	41	38	41	43	44	46	46	43	41	43	43	42	41	41	40	39	38	38	36	37	36	35	36	35	35	35	33	32	33	30	29	29	30	30	27	25	25	27	27	32	34	32	30	31	33	30	30	32	30	27	27	29	28	29	30	31	32	29	29	30	30	28	33	31	25	24	26	29	34	37	34	34	35	31	27	27	34	35	34	32	35	37	40	41	39	41	41	39	38	38	38	40	42	42	42	44	43	43	44	43	44	42	40	37	38	39	38	34	30	31	35	37	36	36	36	31	31	32	33	34	33	33	36	37	36	40	43	39	37	36	33	32	33	32	34	34	34	32	31	29	29	31	33	31	30	29	30	31	30	29	33	30	28	27	29	27	28	31	35	32	29	29	29	27	28	31	33	29	25	24	25	23	23	27	32	29	26	25	25	24	23	23	23	22	20	23	25	26	25	27	29	27	25	24	25	26	27	27	29	27	25	24	24	24	23	24	26	26	25	24	26	25	24	25	26	24	22	20	19	18	19	20	19	18	18	18	17	19	19	19	19	19	19	18	20	20	19	21	21	21	21	20	20	20	20	20	21	19	20	21	21	22	21	20	20	21	20	20	22	20	20	20	21	21	20	20	21	19	19	19	21	20	20	19	19	18	18	19	22	19	16	18	18	18	17	17	20	19	18	18	19	20	19	20	21	19	20	20	19	19	19	19	20	21	20	20	20	20	21	21	20	18	20	19	20	19	19	18	21	20	19	18	19	19	19	19	20	19	17	17	17	17	18	19	20	18	17	18	19	19	19	18	16	18	19	19	19	19	18	19	20	20	20	19	20	20	21	21	20	19	20	19	19	20	19	18	19	18
11:04:42		-1.9	34.6	17	410	51	54	61	60	56	60	67	66	59	63	70	71	68	67	66	69	67	69	73	73	71	69	65	63	65	61	59	58	58	58	58	58	57	57	55	52	50	50	50	49	48	46	45	46	46	48	49	49	49	48	47	47	47	47	46	46	45	43	42	40	40	40	41	41	38	36	33	31	32	33	31	29	28	26	27	27	26	25	24	23	23	26	27	26	28	29	29	28	27	27	27	23	24	26	26	25	29	26	24	22	23	23	24	26	29	28	26	27	27	27	28	33	33	32	32	30	26	24	25	28	29	27	29	32	34	34	34	37	38	36	36	35	36	38	41	42	42	42	40	40	41	41	40	39	37	34	34	33	30	29	28	29	33	34	31	30	30	29	29	30	32	34	33	33	35	37	37	38	42	39	38	35	35	32	32	32	34	33	33	32	31	30	30	31	35	33	30	28	30	30	29	30	31	29	28	28	29	29	28	32	36	33	29	27	26	26	27	28	32	29	26	23	25	22	24	27	32	28	25	23	23	22	21	20	20	20	20	22	23	23	23	25	28	25	23	23	24	24	25	27	29	27	25	26	26	24	24	24	27	27	26	25	23	21	21	23	25	22	19	19	19	19	19	18	18	17	17	17	17	17	17	17	18	17	18	18	17	17	18	18	18	17	17	16	16	18	18	18	17	18	19	19	19	19	19	20	21	18	17	19	20	19	18	18	20	19	18	19	20	19	19	19	19	18	19	19	18	16	18	19	22	20	20	19	20	19	16	18	21	19	19	19	20	20	19	19	20	18	20	19	19	18	19	18	20	19	19	19	18	18	18	19	21	19	19	19	17	18	18	19	20	18	18	18	18	18	18	19	19	18	19	18	18	18	18	17	18	18	17	18	17	19	18	18	18	19	19	19	18	17	17	17	16	18	19	20	20	17	18	19	18	18	18	17	17	17	15	16	17	15
11:04:43		-1.8	34.6	18	410	51	54	59	58	52	60	67	65	60	63	70	72	68	67	65	68	65	67	71	70	68	66	61	63	65	60	56	56	58	58	59	58	56	54	52	48	44	46	47	47	45	40	39	39	38	37	38	40	38	39	41	41	41	39	34	33	36	37	37	36	34	35	35	32	33	31	28	28	27	26	26	25	24	26	27	28	27	23	21	22	24	26	28	26	28	29	28	26	28	28	25	21	22	24	24	24	27	26	24	23	22	23	23	23	23	22	22	20	23	24	25	25	26	29	29	26	25	22	25	28	29	28	33	37	40	40	37	39	40	38	37	35	33	35	35	38	40	38	39	40	42	43	41	39	41	38	35	34	35	31	29	29	35	36	33	31	29	29	29	31	34	33	32	33	36	35	37	39	42	40	38	37	35	33	33	32	35	33	32	32	31	29	29	30	32	30	29	28	29	31	32	30	32	29	27	29	30	30	30	31	34	31	29	27	26	25	26	28	29	26	24	21	23	22	24	27	32	28	24	23	21	21	21	20	20	21	21	22	23	23	24	25	28	25	22	22	23	24	24	25	27	26	25	24	24	22	22	22	24	23	24	23	23	23	22	23	22	21	19	20	20	20	19	19	19	18	17	17	18	19	19	18	18	19	19	19	19	19	19	18	18	19	19	19	18	17	20	20	21	20	19	20	19	19	20	20	19	19	20	19	20	20	20	20	20	19	19	19	20	19	19	20	21	21	21	20	19	18	18	19	22	21	20	19	20	19	18	19	20	19	18	19	19	19	19	20	21	20	19	19	19	19	19	19	20	20	19	17	17	18	19	21	21	18	18	18	19	19	19	19	20	18	18	18	16	15	17	16	17	16	17	17	16	17	19	18	19	17	17	18	17	16	17	17	16	16	18	19	19	19	19	19	18	17	18	19	17	17	17	17	18	17	17	16	15	15	17	16	17	16
11:04:44		-1.8	34.6	19	410	52	53	56	53	48	57	65	64	58	62	69	71	68	66	69	70	64	66	71	72	73	70	64	61	62	59	55	56	58	57	55	55	55	53	52	48	48	48	46	46	43	42	45	46	47	47	47	51	50	47	45	46	47	46	45	45	43	38	41	39	37	40	39	36	31	29	30	32	32	30	31	29	30	29	28	32	32	25	27	29	29	32	34	31	30	32	34	31	28	30	29	25	28	30	28	28	29	28	29	28	27	29	29	26	24	27	26	25	23	24	24	25	27	31	33	29	25	24	27	30	31	31	33	36	41	42	40	40	40	38	38	38	37	40	41	40	40	40	41	42	44	42	44	45	44	41	36	36	36	33	30	31	34	34	33	30	28	29	31	32	34	34	33	32	33	35	37	40	42	40	38	36	34	34	34	33	35	33	31	31	30	29	27	31	34	32	31	29	30	31	31	30	32	29	27	26	26	28	29	31	34	31	28	28	29	30	29	28	31	29	25	23	24	22	24	27	32	29	24	21	22	21	20	20	22	22	22	23	23	24	24	26	28	26	23	23	24	22	23	25	26	25	23	23	24	21	20	21	25	23	21	21	22	20	20	22	24	22	19	18	19	19	18	18	19	18	18	19	19	17	16	18	20	20	19	18	19	19	19	19	18	18	18	18	18	20	19	19	20	19	19	20	19	19	18	19	19	19	19	18	19	19	20	18	18	18	19	20	20	18	19	20	21	20	20	19	20	18	18	19	21	20	20	19	19	19	18	20	20	19	20	18	17	18	18	18	19	18	18	18	19	19	19	20	21	20	20	20	20	20	20	19	20	20	19	17	18	19	20	19	20	19	19	18	19	19	19	19	18	17	18	16	17	17	18	18	18	19	20	18	16	17	17	18	18	18	17	18	19	20	21	20	20	20	19	18	19	19	19	19	20	20	18	17	17	16	16	16	17	16
11:04:45		-1.8	34.4	20	410	49	51	57	55	47	58	67	66	59	63	71	72	67	68	66	67	64	67	73	73	73	71	64	60	64	59	58	56	58	58	60	59	57	55	53	47	45	45	46	45	44	39	39	41	41	39	38	40	39	39	39	40	41	38	36	34	34	34	36	33	33	35	35	35	33	32	31	36	39	39	39	37	40	44	39	40	41	38	39	40	41	43	47	42	40	45	46	43	38	39	39	33	33	34	32	36	41	40	42	40	36	43	43	40	36	39	38	33	31	33	33	33	34	36	39	36	30	28	32	35	35	33	34	37	39	40	40	41	41	40	41	40	40	45	51	48	43	44	46	48	49	49	47	45	43	42	39	42	41	37	33	33	36	38	36	34	34	33	31	32	34	32	33	34	36	37	38	40	42	40	37	36	34	33	32	33	36	34	33	29	30	29	30	31	34	32	32	29	29	30	31	33	34	30	30	29	30	29	29	31	35	33	31	31	31	29	28	29	33	30	28	26	25	24	24	28	32	30	28	26	26	25	25	25	26	24	23	24	26	27	27	26	28	27	25	26	27	27	28	28	29	27	25	24	25	24	22	24	27	26	25	24	24	24	24	24	25	24	23	21	22	21	20	20	20	21	20	20	21	21	20	19	21	22	22	22	21	21	22	22	22	22	22	21	22	22	21	22	22	21	22	22	21	23	22	22	22	21	22	21	20	21	21	21	21	20	21	22	20	20	20	20	21	20	21	21	21	20	21	21	23	21	21	21	21	19	20	20	22	21	19	19	20	20	20	20	21	21	20	20	20	19	19	19	21	20	19	19	20	19	21	21	20	18	19	19	19	18	20	20	20	19	18	19	18	18	19	20	20	18	18	19	20	19	19	18	19	18	18	18	17	17	18	19	20	19	20	19	19	21	21	20	21	22	21	20	20	21	20	19	19	19	19	19	20	20	18	17	18	17
11:04:46		-1.9	34.4	21	410	51	53	59	58	57	60	65	63	59	61	68	69	65	65	66	66	62	64	69	69	68	65	59	60	60	54	54	53	55	55	55	54	53	52	50	45	44	44	45	45	43	37	36	37	35	35	34	35	37	37	36	37	37	34	32	33	34	35	35	35	36	36	38	37	34	33	31	32	33	35	37	33	38	39	37	37	37	34	34	34	35	38	40	35	32	37	41	37	33	34	32	28	34	37	37	36	39	40	40	37	34	38	40	38	38	41	41	38	36	36	38	35	38	39	40	37	34	33	34	39	42	39	38	39	37	38	40	42	43	42	44	44	44	50	50	48	44	46	48	48	49	49	49	50	49	46	43	44	45	42	40	38	38	39	38	35	36	36	33	32	33	33	34	35	35	36	37	39	42	38	36	35	34	34	33	32	35	34	32	31	32	30	31	32	35	33	31	32	31	34	33	31	32	30	29	28	30	29	29	32	36	33	29	29	28	28	28	29	31	28	23	22	24	23	25	28	32	29	27	26	24	24	23	23	23	23	23	23	25	25	26	26	28	26	25	23	24	24	24	24	27	26	24	24	23	21	19	23	27	25	25	25	25	24	24	24	26	23	22	21	21	18	19	19	19	19	19	19	19	20	20	22	22	21	23	23	20	20	21	20	22	22	22	20	21	21	22	23	23	22	20	23	23	21	19	20	21	20	20	22	22	20	19	21	21	21	20	20	19	20	20	20	21	20	20	20	21	20	21	21	22	21	20	18	19	19	20	21	20	19	19	19	19	20	19	19	20	20	21	22	21	20	19	20	21	20	19	19	18	18	21	21	21	20	19	18	19	17	18	18	19	18	18	18	19	18	18	18	18	17	17	17	18	18	19	18	18	17	19	17	16	16	18	18	17	17	16	17	17	18	18	18	18	17	20	19	19	17	17	17	18	17	16	17	16	16	15	15	16	16
11:04:47		-1.9	34.4	22	410	52	54	58	58	54	58	63	60	58	59	65	66	65	73	80	80	74	70	73	78	79	76	72	63	57	55	58	57	56	59	60	58	61	58	54	55	55	54	50	48	49	48	49	53	54	52	54	56	55	54	52	51	52	52	51	51	50	49	47	46	46	49	50	47	42	37	34	35	33	31	30	30	30	32	32	32	30	29	28	28	29	32	31	29	29	28	30	31	31	31	31	27	30	33	34	32	30	30	30	29	26	26	26	25	26	29	28	26	26	25	26	26	28	29	30	28	26	28	30	32	32	30	31	33	35	35	37	41	42	40	40	41	42	42	44	44	43	42	42	42	43	44	45	43	41	38	36	35	35	35	35	34	35	37	36	35	35	34	34	30	32	33	33	33	35	35	37	39	41	37	36	34	34	33	34	34	35	32	33	31	30	31	30	31	35	34	31	31	29	29	30	31	33	29	26	27	27	27	28	31	35	32	29	28	28	27	27	28	32	28	24	23	24	22	24	27	31	28	25	23	24	22	22	22	22	22	22	22	23	23	24	26	29	27	25	25	25	24	26	27	28	27	25	24	23	21	22	23	25	25	25	23	24	24	23	24	25	23	21	20	20	19	19	19	20	19	19	19	20	20	20	20	21	22	22	20	20	21	21	20	20	22	23	22	21	21	21	21	21	20	19	20	21	21	21	22	22	22	22	22	21	20	21	21	21	20	20	19	20	19	20	20	20	20	19	19	20	19	19	19	23	21	20	20	20	18	18	19	20	19	18	20	20	20	20	20	20	20	20	19	20	20	21	20	22	21	20	20	19	19	18	19	21	18	19	18	19	18	19	19	20	19	19	19	18	19	19	19	19	18	18	18	18	18	19	18	16	17	18	18	18	18	18	18	17	19	18	17	19	17	18	18	17	18	19	18	17	17	16	16	17	17	17	16	17	17	16	16	17	16
11:04:48		-1.9	34.4	23	410	51	53	58	55	45	50	58	57	52	54	61	62	61	62	65	65	61	60	64	65	65	62	58	52	51	48	49	48	47	48	48	46	47	46	43	42	41	39	39	40	39	37	36	37	37	34	34	35	35	34	34	34	34	31	29	30	32	33	32	32	34	35	36	36	36	37	34	31	31	33	35	33	30	30	29	30	28	25	26	26	27	28	28	29	30	29	29	29	28	28	30	27	27	27	27	25	26	24	23	23	23	23	23	23	24	22	22	23	23	23	25	25	26	29	31	29	26	24	29	33	30	32	35	37	39	41	40	41	41	40	40	38	35	37	38	39	41	42	43	47	50	48	45	44	43	40	36	33	35	34	30	30	34	36	35	31	29	30	29	31	34	33	34	35	34	35	38	39	41	40	39	36	35	33	31	32	35	33	32	30	30	29	29	30	33	31	29	29	30	29	30	31	34	31	28	29	29	28	28	31	35	31	29	27	28	28	29	29	32	29	26	24	23	23	25	28	31	29	26	24	22	22	21	21	22	23	23	23	24	25	24	26	29	26	24	25	26	27	27	27	29	27	26	24	24	24	22	23	26	26	25	25	24	23	23	24	24	22	22	21	20	19	18	19	19	19	19	18	19	20	20	20	21	20	20	21	22	22	23	23	22	21	21	21	21	21	21	22	22	23	22	22	22	21	21	20	21	22	22	22	21	21	22	21	20	21	20	18	20	20	20	19	20	20	18	18	18	19	19	19	22	20	19	20	20	19	19	19	20	18	18	18	19	19	20	20	21	20	20	19	19	19	20	20	22	21	19	15	18	20	20	21	23	20	18	17	19	18	20	19	19	19	18	18	17	16	18	18	18	17	17	17	18	18	18	18	18	17	16	16	17	17	17	17	18	18	17	17	18	19	20	19	19	19	20	19	19	18	18	18	19	19	18	15	17	18	19	19	17	15
11:04:49		-1.8	34.4	24	410	46	52	57	55	51	55	62	60	54	56	61	62	61	60	64	66	61	60	65	65	66	63	58	56	56	52	52	52	51	50	50	49	48	48	46	41	40	40	41	41	39	36	35	35	35	34	30	33	33	33	33	34	34	32	29	28	29	30	30	32	33	31	33	32	30	29	27	25	24	25	24	22	23	23	24	24	23	22	21	22	24	25	24	24	23	23	23	22	23	26	27	23	23	25	24	23	26	23	21	22	22	20	21	21	23	23	24	24	25	25	25	25	25	28	30	27	26	24	25	26	27	29	28	28	28	27	29	34	36	36	35	35	35	37	38	39	40	38	40	40	39	39	38	34	34	33	31	29	29	27	26	30	33	35	31	28	29	29	30	31	33	32	33	33	34	36	38	39	42	39	37	34	34	33	32	32	34	33	30	30	29	27	30	30	33	31	30	30	30	30	31	31	32	28	28	29	29	28	30	32	36	33	30	29	28	28	28	30	32	29	26	24	23	21	22	27	33	30	27	26	25	24	23	22	23	22	21	22	24	24	24	26	29	27	23	24	26	26	27	27	29	27	25	24	24	23	23	22	26	25	24	23	22	22	23	23	24	22	21	20	20	20	19	19	19	18	18	18	19	19	18	20	20	20	20	18	19	20	20	19	19	20	20	21	20	20	20	20	21	20	20	21	20	20	21	21	20	20	19	18	19	19	17	16	18	19	20	19	19	20	20	20	21	20	20	19	19	19	19	20	21	19	18	19	19	18	17	17	19	19	19	18	17	17	19	20	19	18	19	18	19	18	18	17	19	18	19	19	17	16	17	19	20	18	18	18	18	18	18	19	21	21	20	20	19	18	19	19	20	20	19	19	19	18	19	19	19	19	17	18	20	20	18	17	17	18	20	19	20	20	20	21	21	21	20	20	21	21	21	20	19	18	18	18	18	18	17	17	17	17
11:04:50		-1.8	34.4	25	410	52	53	59	57	49	52	58	56	53	54	63	64	58	59	57	58	55	56	60	62	61	59	54	51	55	54	52	50	48	45	44	44	43	43	44	42	38	36	38	38	37	35	33	33	34	32	32	32	30	29	32	32	31	29	27	28	29	28	28	30	31	32	30	30	29	28	26	26	26	27	27	28	26	25	26	27	26	25	24	25	25	27	32	32	29	27	24	24	25	27	27	24	25	26	24	27	31	29	26	26	29	34	32	28	27	31	31	26	24	27	32	30	28	30	29	28	27	31	33	30	27	30	34	35	38	39	39	41	40	39	38	35	35	40	41	40	41	45	45	43	43	42	45	45	43	40	35	33	35	35	32	29	33	36	33	30	30	30	30	31	34	34	34	35	36	35	36	38	42	40	38	37	34	34	33	33	36	34	33	30	29	29	30	31	34	32	31	29	29	28	29	29	29	28	28	27	28	29	28	31	36	33	29	28	29	29	29	30	31	28	25	21	23	22	24	27	32	28	24	23	22	21	21	20	21	23	23	22	23	24	25	25	27	25	23	23	24	23	23	24	27	26	23	21	23	22	22	23	25	22	20	20	22	22	22	22	23	22	20	20	20	18	17	18	17	18	18	17	17	18	18	18	19	20	20	20	20	20	18	19	19	20	19	19	18	19	19	20	20	19	19	19	20	20	18	19	19	19	19	19	19	20	18	18	19	19	19	19	19	19	19	20	21	20	19	20	19	19	18	18	21	20	19	19	18	18	17	18	20	18	18	17	18	18	17	18	20	17	16	17	18	18	19	18	20	19	20	18	18	17	19	20	21	19	20	18	18	18	19	20	20	20	20	19	19	18	18	19	19	18	19	18	18	19	18	18	18	18	17	17	17	17	17	15	17	18	20	19	18	18	19	19	18	17	17	17	18	17	17	17	18	17	15	15	16	17	18	17	16	16
11:04:51		-1.9	34.4	26	410	48	51	58	55	49	54	59	58	53	54	61	62	59	60	65	65	60	56	63	66	66	63	58	55	56	55	55	53	53	56	57	56	50	46	43	41	39	36	37	36	36	35	34	35	35	32	32	34	33	33	31	30	31	32	30	30	31	31	31	34	35	37	36	34	30	29	26	25	25	28	27	27	26	26	26	26	26	24	24	24	26	28	30	29	27	28	29	27	29	29	30	27	33	34	28	25	26	25	24	21	23	25	24	24	25	24	25	24	22	26	26	24	25	26	28	26	25	25	27	29	30	31	31	33	37	37	38	37	38	39	37	35	35	37	38	40	42	41	42	40	42	43	43	43	42	37	32	32	33	31	29	30	33	35	33	31	30	29	29	31	33	33	33	34	36	36	37	39	41	40	37	35	35	34	33	32	34	33	32	31	30	29	30	31	35	33	31	29	29	29	30	30	31	29	28	29	31	29	28	30	34	31	28	27	28	28	28	29	31	28	24	23	25	23	24	26	32	29	24	23	22	21	20	20	22	20	21	21	21	21	22	24	29	26	24	24	24	23	24	25	27	26	25	22	23	24	22	23	25	23	22	23	23	21	21	23	24	21	20	19	19	19	19	18	18	18	17	17	17	18	17	18	19	19	19	19	19	19	19	18	18	19	18	19	19	19	18	18	20	20	20	19	18	18	19	20	20	18	18	18	19	19	20	20	19	18	19	19	19	18	20	19	19	18	18	18	20	18	20	21	23	20	18	18	18	18	17	17	18	18	18	19	18	17	16	17	19	18	17	17	18	18	17	18	19	19	18	17	17	18	17	19	22	19	19	18	20	18	19	19	20	18	18	17	16	16	18	17	19	19	19	16	17	17	17	17	17	17	17	18	17	16	17	17	18	17	16	17	18	20	20	18	17	17	17	17	17	18	17	17	18	17	16	15	17	16	16	16	17	16
11:04:52		-1.8	34.4	27	410	53	55	59	57	50	53	59	56	57	57	65	67	62	72	79	80	75	70	74	79	80	77	72	63	59	60	60	59	59	63	63	61	61	58	54	52	55	52	47	48	47	47	49	53	54	53	54	56	55	53	51	50	51	51	50	50	50	46	47	47	46	49	49	46	41	35	34	33	30	29	28	28	28	29	31	32	30	28	25	26	28	30	29	29	29	30	32	32	31	32	31	30	32	33	34	32	30	29	28	29	28	27	27	25	25	24	24	24	22	23	27	28	28	27	29	28	27	30	31	32	32	30	32	33	33	32	36	39	41	40	39	39	40	41	42	43	44	40	40	42	44	43	43	44	43	41	36	35	35	35	34	32	33	36	35	33	33	32	31	32	32	32	32	32	36	36	36	39	42	39	38	36	34	33	33	32	37	33	31	31	30	28	30	32	34	31	30	30	30	30	30	30	31	29	27	27	27	28	28	30	35	31	30	29	29	28	27	29	31	28	26	24	24	22	24	27	31	28	24	24	24	21	20	20	22	21	23	22	23	25	26	27	30	26	24	23	23	25	25	26	28	25	25	23	24	23	23	23	26	24	23	22	21	20	22	22	24	23	21	20	20	19	17	18	19	19	18	18	19	18	18	19	19	19	19	19	18	17	17	18	19	20	19	20	20	21	20	20	20	21	20	19	20	19	19	20	20	20	18	19	19	21	21	21	19	19	19	18	20	19	19	19	20	19	19	20	20	19	19	19	23	21	19	18	18	19	19	20	21	19	19	19	18	20	21	19	20	20	18	18	18	19	18	18	19	18	19	19	18	19	19	20	20	18	18	17	18	18	20	19	19	19	20	20	18	18	18	16	16	18	19	19	19	19	18	18	20	19	18	17	18	16	16	18	17	17	18	19	19	17	19	18	18	16	17	17	19	18	18	18	18	17	18	17	16	16	16	17	17	16
11:04:53		-1.9	34.3	28	410	50	51	57	55	48	53	61	59	54	56	63	64	60	64	70	71	64	62	65	68	69	66	61	57	57	53	51	50	50	50	51	50	49	48	46	44	43	42	41	40	40	38	36	40	40	35	37	38	36	35	36	36	35	34	33	32	34	33	31	32	32	36	36	34	31	28	27	26	26	26	26	27	26	26	28	28	25	23	23	24	24	24	25	26	28	27	26	24	24	26	27	26	27	29	27	25	28	29	28	26	25	23	22	22	23	23	24	22	21	23	24	24	26	27	28	25	24	23	25	28	28	29	32	34	37	40	38	38	38	38	39	36	34	35	36	39	40	39	40	42	43	44	43	41	39	37	34	33	34	32	30	29	32	35	34	31	28	29	31	32	34	33	33	34	34	36	38	38	41	38	38	36	35	33	33	33	35	32	31	30	29	29	29	31	34	32	31	30	31	29	29	30	33	29	29	28	28	27	28	30	35	32	30	27	26	26	29	30	32	29	26	24	24	22	24	27	32	28	24	23	24	23	22	22	22	20	21	23	25	26	26	26	29	26	25	25	27	26	26	27	29	27	27	26	27	24	22	24	27	26	24	23	22	21	22	23	25	23	21	19	19	19	18	19	19	18	18	19	18	18	19	20	20	20	18	19	17	17	18	17	16	17	18	18	18	19	19	20	21	20	19	19	21	20	20	20	20	19	18	19	21	20	20	19	19	19	19	19	18	18	19	17	18	17	19	20	20	19	20	19	20	18	18	18	19	18	18	19	22	20	18	18	17	18	18	18	20	20	20	19	19	19	20	20	20	19	19	19	19	19	21	20	20	19	19	18	20	20	20	19	19	18	17	18	19	19	19	18	19	18	18	17	16	17	18	18	19	19	18	18	19	18	19	19	19	17	18	19	20	20	21	20	21	20	21	20	20	21	20	20	18	17	17	17	16	17	18	18	17	18
11:04:54		-1.9	34.3	29	410	46	51	56	55	54	60	67	66	60	63	71	73	69	68	65	67	64	68	74	75	75	72	65	62	63	59	59	58	60	60	59	58	57	55	53	47	45	47	49	49	48	43	40	40	40	39	38	37	36	38	40	43	44	41	36	35	34	35	37	35	34	34	36	36	33	29	27	26	26	27	27	27	27	28	28	29	27	23	22	22	24	26	26	26	26	27	25	24	26	26	26	22	22	23	25	27	29	26	24	26	25	24	24	23	24	23	21	21	21	22	23	23	25	27	28	27	26	26	27	30	30	28	30	34	37	36	37	42	40	36	35	35	35	37	39	41	42	43	43	42	41	41	42	41	40	38	33	32	33	32	26	28	34	36	33	30	30	29	30	31	33	33	34	34	35	36	37	40	42	40	38	36	35	33	31	32	34	32	32	31	32	30	29	32	34	31	29	28	29	28	29	30	32	29	29	27	28	27	26	30	34	32	29	27	28	28	26	28	32	29	26	25	25	21	24	27	31	28	25	22	21	21	19	19	21	20	19	20	22	23	24	25	28	26	25	25	27	25	25	26	27	26	25	23	23	21	21	22	25	23	22	21	21	22	23	22	25	22	22	21	21	21	19	19	19	19	18	17	18	17	18	19	20	19	19	17	18	18	16	18	19	18	19	19	17	16	17	19	20	19	18	18	18	19	18	18	19	19	18	17	18	19	18	19	19	19	18	19	18	17	19	19	19	19	19	18	19	19	18	19	22	20	19	19	20	20	17	19	21	18	17	18	18	16	17	18	19	16	19	20	20	19	19	20	21	20	20	20	19	19	20	21	21	20	20	18	20	18	17	18	20	19	18	18	19	18	18	20	20	18	18	16	19	19	19	21	19	17	17	17	20	20	19	19	18	17	17	18	19	20	19	19	19	19	19	19	18	17	19	19	19	17	18	15	17	16	16	15	15	16
11:04:55		-1.8	34.3	30	410	55	55	58	57	54	59	66	66	61	64	70	71	67	67	68	70	67	69	73	74	74	71	66	60	62	58	59	57	59	59	58	59	57	54	53	49	48	47	48	49	49	46	44	48	47	46	47	48	48	47	47	48	48	47	46	46	45	43	43	41	41	41	42	41	37	34	31	29	29	28	30	29	27	27	28	28	27	26	24	25	25	27	28	28	27	28	27	25	26	27	26	24	25	27	28	27	29	27	26	26	28	30	28	26	27	29	28	25	24	25	27	30	29	28	29	29	27	25	28	30	31	30	31	34	36	37	37	38	39	38	39	38	38	40	40	42	42	41	41	41	42	41	41	42	39	36	33	32	33	31	30	29	33	35	34	33	30	30	31	31	34	33	33	34	37	36	38	40	42	39	37	36	35	33	32	32	35	32	31	29	31	30	30	30	34	32	29	28	30	29	30	31	33	30	28	29	30	29	29	31	35	32	30	28	28	28	28	29	33	30	27	24	25	23	26	28	32	29	25	24	25	23	22	21	22	22	22	22	24	25	25	26	29	27	25	26	26	26	27	28	29	27	27	26	26	23	22	25	28	28	26	25	25	24	25	25	25	24	23	22	22	20	19	17	17	18	17	18	19	18	19	18	18	19	20	20	20	19	20	19	19	19	19	19	19	19	18	18	20	20	20	18	17	19	20	17	18	18	18	18	19	19	19	18	19	19	19	20	20	19	20	20	19	19	19	19	20	20	19	19	22	21	20	20	20	20	20	20	21	20	19	17	18	19	20	19	21	19	21	21	20	19	20	21	21	21	22	21	20	21	21	20	21	18	19	19	20	19	20	21	19	18	19	18	19	19	20	20	21	21	20	18	17	19	20	21	21	19	18	20	20	19	19	21	20	20	20	20	21	21	20	21	21	20	19	19	20	20	19	17	18	18	17	17	19	18	17	17	18	16
11:04:56		-1.9	34.3	31	410	52	54	59	58	57	62	67	65	59	61	67	70	68	66	67	70	67	66	71	73	72	67	61	62	63	59	55	54	56	56	56	56	55	54	51	46	44	44	45	46	46	41	39	41	40	37	39	39	39	39	40	41	42	39	35	34	35	37	37	38	36	35	39	37	34	31	29	27	24	24	25	24	24	25	25	26	28	25	22	22	22	24	24	26	25	24	25	26	25	25	26	22	21	23	24	24	26	27	26	23	22	20	22	21	23	21	23	23	23	23	24	26	26	30	34	30	28	29	29	28	31	29	28	28	30	30	31	34	35	33	33	32	33	35	37	39	42	41	40	39	39	38	36	36	36	35	32	31	29	28	27	29	33	34	32	28	28	27	29	30	32	33	33	34	34	36	38	38	42	40	36	35	34	32	33	32	36	34	31	30	31	30	30	31	35	32	29	30	31	30	30	30	31	28	28	27	27	28	28	32	35	33	30	28	28	27	27	28	32	28	25	23	25	22	24	27	32	28	23	21	23	21	20	20	21	21	21	22	23